    1000  0.4661366E-01 -0.1090008E-22  0.3737693E-03  0.3737693E-03  0.4661366E-01  0.2414889E-01  0.2246477E-01 -0.1270549E-18 -0.1396344E-03  0.1694066E-17  0.0000000E+00
    2000  0.4551651E-01  0.5905104E-23  0.8370406E-04  0.8370406E-04  0.4551651E-01  0.2442356E-01  0.2109295E-01 -0.5505714E-18 -0.2708673E-04  0.3388132E-18  0.0000000E+00
    3000  0.4487644E-01  0.2230845E-23  0.3644212E-04  0.3644212E-04  0.4487644E-01  0.2423160E-01  0.2064484E-01  0.3006967E-17 -0.1247111E-04  0.0000000E+00  0.0000000E+00
    4000  0.4454608E-01  0.1282650E-23  0.1976947E-04  0.1976947E-04  0.4454608E-01  0.2410294E-01  0.2044315E-01  0.1397604E-17 -0.7036581E-05 -0.2032879E-17  0.0000000E+00
    5000  0.4436790E-01  0.7490741E-24  0.1148474E-04  0.1148474E-04  0.4436790E-01  0.2402659E-01  0.2034131E-01 -0.1736418E-17 -0.4201817E-05 -0.6776264E-18  0.0000000E+00
    6000  0.4436821E-01  0.7485749E-24  0.1293144E-04  0.1293144E-04  0.4436821E-01  0.2402699E-01  0.2034123E-01 -0.3515187E-17 -0.5311087E-05  0.1016440E-17  0.0000000E+00
    7000  0.4436777E-01  0.7475214E-24  0.1329065E-04  0.1329065E-04  0.4436777E-01  0.2402675E-01  0.2034102E-01 -0.2117582E-17 -0.5522205E-05 -0.6776264E-18  0.0000000E+00
    8000  0.4436674E-01  0.7459539E-24  0.1317766E-04  0.1317766E-04  0.4436674E-01  0.2402604E-01  0.2034070E-01  0.2922264E-17 -0.5335474E-05  0.3388132E-18  0.0000000E+00
    9000  0.4436368E-01  0.7442121E-24  0.1281386E-04  0.1281386E-04  0.4436368E-01  0.2402344E-01  0.2034023E-01  0.1058791E-17 -0.4994375E-05  0.1355253E-17  0.0000000E+00
   10000  0.4435700E-01  0.7424457E-24  0.1234848E-04  0.1234848E-04  0.4435700E-01  0.2401736E-01  0.2033963E-01 -0.2244637E-17 -0.4647537E-05  0.6776264E-18  0.0000000E+00
   11000  0.4434733E-01  0.7407264E-24  0.1185603E-04  0.1185603E-04  0.4434733E-01  0.2400835E-01  0.2033898E-01 -0.4023406E-17 -0.4363295E-05  0.0000000E+00  0.0000000E+00
   12000  0.4433694E-01  0.7390850E-24  0.1140358E-04  0.1140358E-04  0.4433694E-01  0.2399859E-01  0.2033836E-01  0.1185846E-17 -0.4175252E-05 -0.1355253E-17  0.0000000E+00
   13000  0.4432837E-01  0.7375280E-24  0.1107935E-04  0.1107935E-04  0.4432837E-01  0.2399057E-01  0.2033780E-01  0.1482308E-17 -0.4084427E-05  0.0000000E+00  0.0000000E+00
   14000  0.4432280E-01  0.7360460E-24  0.1100109E-04  0.1100109E-04  0.4432280E-01  0.2398551E-01  0.2033729E-01 -0.3303428E-17 -0.4106559E-05  0.1355253E-17  0.0000000E+00
   15000  0.4431699E-01  0.7346212E-24  0.1133812E-04  0.1133812E-04  0.4431699E-01  0.2398022E-01  0.2033677E-01 -0.4150461E-17 -0.4314657E-05  0.6776264E-18  0.0000000E+00
    6000  0.4436821E-01  0.7485749E-24  0.1293144E-04  0.1293144E-04  0.4436821E-01  0.2402699E-01  0.2034123E-01  0.9740879E-18 -0.5311087E-05 -0.2032879E-17  0.0000000E+00
    7000  0.4436777E-01  0.7475214E-24  0.1329065E-04  0.1329065E-04  0.4436777E-01  0.2402675E-01  0.2034102E-01 -0.3642242E-17 -0.5522205E-05  0.2371692E-17  0.0000000E+00
    8000  0.4436674E-01  0.7459539E-24  0.1317766E-04  0.1317766E-04  0.4436674E-01  0.2402604E-01  0.2034070E-01  0.2541099E-18 -0.5335474E-05 -0.3388132E-18  0.0000000E+00
    9000  0.4436368E-01  0.7442121E-24  0.1281386E-04  0.1281386E-04  0.4436368E-01  0.2402344E-01  0.2034023E-01  0.2329341E-17 -0.4994375E-05 -0.1016440E-17  0.0000000E+00
   10000  0.4435700E-01  0.7424457E-24  0.1234848E-04  0.1234848E-04  0.4435700E-01  0.2401736E-01  0.2033963E-01  0.2668154E-17 -0.4647537E-05 -0.2032879E-17  0.0000000E+00
   11000  0.4434733E-01  0.7407264E-24  0.1185603E-04  0.1185603E-04  0.4434733E-01  0.2400835E-01  0.2033898E-01  0.2498747E-17 -0.4363295E-05  0.3049319E-17  0.0000000E+00
   12000  0.4433694E-01  0.7390850E-24  0.1140358E-04  0.1140358E-04  0.4433694E-01  0.2399859E-01  0.2033836E-01 -0.1948176E-17 -0.4175252E-05 -0.3388132E-18  0.0000000E+00
   13000  0.4432837E-01  0.7375280E-24  0.1107935E-04  0.1107935E-04  0.4432837E-01  0.2399057E-01  0.2033780E-01 -0.1312901E-17 -0.4084427E-05  0.6776264E-18  0.0000000E+00
   14000  0.4432280E-01  0.7360460E-24  0.1100109E-04  0.1100109E-04  0.4432280E-01  0.2398551E-01  0.2033729E-01  0.2414044E-17 -0.4106559E-05 -0.6776264E-18  0.0000000E+00
   15000  0.4431699E-01  0.7346212E-24  0.1133812E-04  0.1133812E-04  0.4431699E-01  0.2398022E-01  0.2033677E-01  0.0000000E+00 -0.4314657E-05 -0.1016440E-17  0.0000000E+00
